89017	47940	12251857.39	88016	5548768	 12442
131706	176120	9914474.88	455530	20245195 72426
55370	62341	5906640.81	394147	11473921 77940
38611	56296	3213130.59	106744	4973027	 16695
28252	29543	845235.04	120723	5249417	 18716
25267	11878	1158230.83	67394	2677714	 13658
70759	63496	8199519.66	236515	14184975 46625
97943	53559	14223539.1	80694	5906504	 13636
141247	180893	14715193.31	508375	22061581 95240
57773	75770	8880077.878	451752	12742260 98501
41199	54798	4496068.16	124491	5765371  25799
29689	34668	1395882.527	126089	5985139	 21689
25726	13328	1486137.26	85032	3202151	 18645
75357	67896	11100177.61	198205	12109485 45250
100327	62147	15832248	87957	6350087	 14903
146721	224512	20878468	538781	23816885 103567
60978	93159	14033228	480493	13958988 118007
44636	70467	6595728	        139988	6394211	 29928
29919	44702	1635367	        140850	6669131	 25504
27881	18715	2334099	        100473	3460219	 23056
80430	78926	19038906	255281	13656187 63062
119514	66509	25454910.48	93966	6983293	 16059
152963	242423	26061663.09	612676	27166319 113523
67839	120873	18557774.19	482140	15916604 124853
49971	78480	17877084.08	170421	7391200	 34354
32104	45695	1967975.755	186328	7716534	 30925
29249	21690	4093848.939	97497	3978466	 24316
87028	103410	24777894.92	349379	15653402 87598
